{
    "camera_model": "OPENCV",
    "frames": [
        {
            "file_path": "images/frame_00002.JPG",
            "w": 3008,
            "h": 2000,
            "fl_x": 5192.837988487282,
            "fl_y": 5192.837988487282,
            "cx": 1503.4988668219553,
            "cy": 999.4980660132157,
            "k1": 0.008346306984342054,
            "k2": 0.0013920261789052066,
            "p1": 0.0010152889286293922,
            "p2": -0.0004289819991606347,
            "k3": 0.00015757533515519195,
            "transform_matrix": [
                [
                    -0.07069709191336537,
                    -0.7144349248861463,
                    0.6961211527442044,
                    -0.37672130158409256
                ],
                [
                    0.9845301390361363,
                    -0.16213925868582177,
                    -0.06641736310859313,
                    -0.24132966615991472
                ],
                [
                    0.16031945148508853,
                    0.6806567408729153,
                    0.7148454900045051,
                    1.291332429975879
                ],
                [
                    0.0,
                    0.0,
                    0.0,
                    1.0
                ]
            ]
        },
        {
            "file_path": "images/frame_00016.JPG",
            "w": 3008,
            "h": 2000,
            "fl_x": 5192.837988487282,
            "fl_y": 5192.837988487282,
            "cx": 1503.4988668219553,
            "cy": 999.4980660132157,
            "k1": 0.008346306984342054,
            "k2": 0.0013920261789052066,
            "p1": 0.0010152889286293922,
            "p2": -0.0004289819991606347,
            "k3": 0.00015757533515519195,
            "transform_matrix": [
                [
                    0.11467655847504697,
                    -0.767970249016807,
                    0.6301356866273979,
                    -0.919798052846391
                ],
                [
                    0.9858638950042501,
                    0.009980728348148992,
                    -0.16725060713997206,
                    -0.719624729883251
                ],
                [
                    0.12215427730279414,
                    0.6404077464293382,
                    0.7582586965211334,
                    0.9872561382863481
                ],
                [
                    0.0,
                    0.0,
                    0.0,
                    1.0
                ]
            ]
        },
        {
            "file_path": "images/frame_00003.JPG",
            "w": 3008,
            "h": 2000,
            "fl_x": 5192.837988487282,
            "fl_y": 5192.837988487282,
            "cx": 1503.4988668219553,
            "cy": 999.4980660132157,
            "k1": 0.008346306984342054,
            "k2": 0.0013920261789052066,
            "p1": 0.0010152889286293922,
            "p2": -0.0004289819991606347,
            "k3": 0.00015757533515519195,
            "transform_matrix": [
                [
                    -0.10034300048288781,
                    -0.7314008765796265,
                    0.6745250477133113,
                    -1.1716410256806502
                ],
                [
                    0.9821105338508888,
                    -0.18138517286192532,
                    -0.050579821717475,
                    -0.1069025332906051
                ],
                [
                    0.15934296832058006,
                    0.6573828236304955,
                    0.7365172378446981,
                    0.5735479429482239
                ],
                [
                    0.0,
                    0.0,
                    0.0,
                    1.0
                ]
            ]
        },
        {
            "file_path": "images/frame_00001.JPG",
            "w": 3008,
            "h": 2000,
            "fl_x": 5192.837988487282,
            "fl_y": 5192.837988487282,
            "cx": 1503.4988668219553,
            "cy": 999.4980660132157,
            "k1": 0.008346306984342054,
            "k2": 0.0013920261789052066,
            "p1": 0.0010152889286293922,
            "p2": -0.0004289819991606347,
            "k3": 0.00015757533515519195,
            "transform_matrix": [
                [
                    -0.15807250718929464,
                    -0.7078450016664075,
                    0.6884537283556345,
                    -0.39370912623805016
                ],
                [
                    0.9806378747742069,
                    -0.19415832225263605,
                    0.025532419751521776,
                    0.33011958256592
                ],
                [
                    0.11559602514453873,
                    0.6791597746597812,
                    0.7248307108938324,
                    1.4345971995223346
                ],
                [
                    0.0,
                    0.0,
                    0.0,
                    1.0
                ]
            ]
        },
        {
            "file_path": "images/frame_00015.JPG",
            "w": 3008,
            "h": 2000,
            "fl_x": 5192.837988487282,
            "fl_y": 5192.837988487282,
            "cx": 1503.4988668219553,
            "cy": 999.4980660132157,
            "k1": 0.008346306984342054,
            "k2": 0.0013920261789052066,
            "p1": 0.0010152889286293922,
            "p2": -0.0004289819991606347,
            "k3": 0.00015757533515519195,
            "transform_matrix": [
                [
                    0.9995416967674059,
                    0.028976849130948976,
                    0.00876005923365073,
                    -3.1715010792821925
                ],
                [
                    -0.022258682889641068,
                    0.8996336598683713,
                    -0.4360777786907496,
                    -1.6971329837084952
                ],
                [
                    -0.02051700415151413,
                    0.4356829354545369,
                    0.89986634134985,
                    1.7573996821422346
                ],
                [
                    0.0,
                    0.0,
                    0.0,
                    1.0
                ]
            ]
        },
        {
            "file_path": "images/frame_00004.JPG",
            "w": 3008,
            "h": 2000,
            "fl_x": 5192.837988487282,
            "fl_y": 5192.837988487282,
            "cx": 1503.4988668219553,
            "cy": 999.4980660132157,
            "k1": 0.008346306984342054,
            "k2": 0.0013920261789052066,
            "p1": 0.0010152889286293922,
            "p2": -0.0004289819991606347,
            "k3": 0.00015757533515519195,
            "transform_matrix": [
                [
                    -0.6193931661326592,
                    -0.6702352983889905,
                    0.4088236178862238,
                    -2.0673255757806057
                ],
                [
                    0.7814890100321987,
                    -0.47660968392608793,
                    0.40263896531106896,
                    1.7484004583793842
                ],
                [
                    -0.0750135517560257,
                    0.5688829879520879,
                    0.8189903009631132,
                    1.1338123075249038
                ],
                [
                    0.0,
                    0.0,
                    0.0,
                    1.0
                ]
            ]
        },
        {
            "file_path": "images/frame_00008.JPG",
            "w": 3008,
            "h": 2000,
            "fl_x": 5192.837988487282,
            "fl_y": 5192.837988487282,
            "cx": 1503.4988668219553,
            "cy": 999.4980660132157,
            "k1": 0.008346306984342054,
            "k2": 0.0013920261789052066,
            "p1": 0.0010152889286293922,
            "p2": -0.0004289819991606347,
            "k3": 0.00015757533515519195,
            "transform_matrix": [
                [
                    -0.5155448398270224,
                    0.2530306532475172,
                    -0.818650723229916,
                    -6.686734771829772
                ],
                [
                    -0.8145010500378979,
                    -0.4413998630939881,
                    0.3765025900943704,
                    1.6448360784039893
                ],
                [
                    -0.2660856208345187,
                    0.8608958411897125,
                    0.4336551544803381,
                    -0.3672601115423643
                ],
                [
                    0.0,
                    0.0,
                    0.0,
                    1.0
                ]
            ]
        },
        {
            "file_path": "images/frame_00006.JPG",
            "w": 3008,
            "h": 2000,
            "fl_x": 5192.837988487282,
            "fl_y": 5192.837988487282,
            "cx": 1503.4988668219553,
            "cy": 999.4980660132157,
            "k1": 0.008346306984342054,
            "k2": 0.0013920261789052066,
            "p1": 0.0010152889286293922,
            "p2": -0.0004289819991606347,
            "k3": 0.00015757533515519195,
            "transform_matrix": [
                [
                    -0.9428794255277111,
                    -0.30151210104648424,
                    -0.14166453980819607,
                    -4.077794551694065
                ],
                [
                    0.15749747251285987,
                    -0.7781770367673938,
                    0.6079761883494943,
                    2.6993996405016216
                ],
                [
                    -0.2935522697384475,
                    0.5509364322410104,
                    0.7812145112329597,
                    1.2644359053039556
                ],
                [
                    0.0,
                    0.0,
                    0.0,
                    1.0
                ]
            ]
        },
        {
            "file_path": "images/frame_00014.JPG",
            "w": 3008,
            "h": 2000,
            "fl_x": 5192.837988487282,
            "fl_y": 5192.837988487282,
            "cx": 1503.4988668219553,
            "cy": 999.4980660132157,
            "k1": 0.008346306984342054,
            "k2": 0.0013920261789052066,
            "p1": 0.0010152889286293922,
            "p2": -0.0004289819991606347,
            "k3": 0.00015757533515519195,
            "transform_matrix": [
                [
                    0.311827124210844,
                    -0.9293811858823134,
                    -0.1975207734249231,
                    -4.28742415387307
                ],
                [
                    0.6589580045716272,
                    0.36130470996109987,
                    -0.6597221042006287,
                    -2.7790864686854633
                ],
                [
                    0.6844984973083394,
                    0.07556135181367693,
                    0.7250877804064246,
                    1.183248713579942
                ],
                [
                    0.0,
                    0.0,
                    0.0,
                    1.0
                ]
            ]
        },
        {
            "file_path": "images/frame_00005.JPG",
            "w": 3008,
            "h": 2000,
            "fl_x": 5192.837988487282,
            "fl_y": 5192.837988487282,
            "cx": 1503.4988668219553,
            "cy": 999.4980660132157,
            "k1": 0.008346306984342054,
            "k2": 0.0013920261789052066,
            "p1": 0.0010152889286293922,
            "p2": -0.0004289819991606347,
            "k3": 0.00015757533515519195,
            "transform_matrix": [
                [
                    -0.8199173894224443,
                    -0.5210551957091717,
                    0.2371433270137718,
                    -2.790829229257123
                ],
                [
                    0.5477943289519881,
                    -0.5937475843935011,
                    0.5893939083456182,
                    2.5923025799579764
                ],
                [
                    -0.1663034806933546,
                    0.6131600843591816,
                    0.7722550506522545,
                    0.9179052661799976
                ],
                [
                    0.0,
                    0.0,
                    0.0,
                    1.0
                ]
            ]
        },
        {
            "file_path": "images/frame_00013.JPG",
            "w": 3008,
            "h": 2000,
            "fl_x": 5192.837988487282,
            "fl_y": 5192.837988487282,
            "cx": 1503.4988668219553,
            "cy": 999.4980660132157,
            "k1": 0.008346306984342054,
            "k2": 0.0013920261789052066,
            "p1": 0.0010152889286293922,
            "p2": -0.0004289819991606347,
            "k3": 0.00015757533515519195,
            "transform_matrix": [
                [
                    0.8089359248771407,
                    -0.5875012297187099,
                    0.021563267891702823,
                    -3.4871457169069164
                ],
                [
                    0.36818229763571486,
                    0.4776767191948158,
                    -0.7976633046887409,
                    -3.2223114477212156
                ],
                [
                    0.4583279013444976,
                    0.6531977166358445,
                    0.6027174112557789,
                    0.3416828891593182
                ],
                [
                    0.0,
                    0.0,
                    0.0,
                    1.0
                ]
            ]
        },
        {
            "file_path": "images/frame_00011.JPG",
            "w": 3008,
            "h": 2000,
            "fl_x": 5192.837988487282,
            "fl_y": 5192.837988487282,
            "cx": 1503.4988668219553,
            "cy": 999.4980660132157,
            "k1": 0.008346306984342054,
            "k2": 0.0013920261789052066,
            "p1": 0.0010152889286293922,
            "p2": -0.0004289819991606347,
            "k3": 0.00015757533515519195,
            "transform_matrix": [
                [
                    0.3939288954728429,
                    0.5779178862614474,
                    -0.7147243818778304,
                    -7.20615356010255
                ],
                [
                    -0.9181356618203774,
                    0.21105735777830523,
                    -0.33538291283441685,
                    -1.7892087970720305
                ],
                [
                    -0.04297594449460606,
                    0.7883309637878887,
                    0.6137486128115119,
                    1.200299433741272
                ],
                [
                    0.0,
                    0.0,
                    0.0,
                    1.0
                ]
            ]
        },
        {
            "file_path": "images/frame_00010.JPG",
            "w": 3008,
            "h": 2000,
            "fl_x": 5192.837988487282,
            "fl_y": 5192.837988487282,
            "cx": 1503.4988668219553,
            "cy": 999.4980660132157,
            "k1": 0.008346306984342054,
            "k2": 0.0013920261789052066,
            "p1": 0.0010152889286293922,
            "p2": -0.0004289819991606347,
            "k3": 0.00015757533515519195,
            "transform_matrix": [
                [
                    -0.15869290422998822,
                    0.3715786061233209,
                    -0.9147381601411968,
                    -6.702535037830113
                ],
                [
                    -0.9753674716015669,
                    0.08477213999177516,
                    0.20364670295092305,
                    0.6372054934183907
                ],
                [
                    0.15321506939142235,
                    0.9245231331625322,
                    0.34897294846265187,
                    -0.8621590909439104
                ],
                [
                    0.0,
                    0.0,
                    0.0,
                    1.0
                ]
            ]
        },
        {
            "file_path": "images/frame_00009.JPG",
            "w": 3008,
            "h": 2000,
            "fl_x": 5192.837988487282,
            "fl_y": 5192.837988487282,
            "cx": 1503.4988668219553,
            "cy": 999.4980660132157,
            "k1": 0.008346306984342054,
            "k2": 0.0013920261789052066,
            "p1": 0.0010152889286293922,
            "p2": -0.0004289819991606347,
            "k3": 0.00015757533515519195,
            "transform_matrix": [
                [
                    -0.5819993373241494,
                    0.42853189699615357,
                    -0.691113004226609,
                    -6.7566403462684805
                ],
                [
                    -0.7281929842402968,
                    -0.6529297769811986,
                    0.20836910527833247,
                    1.0052671163548579
                ],
                [
                    -0.361955451758171,
                    0.6245343221858668,
                    0.692058618438047,
                    1.2485352366839464
                ],
                [
                    0.0,
                    0.0,
                    0.0,
                    1.0
                ]
            ]
        }
    ],
    "ply_file_path": "reconstruction.ply"
}